4278190080
146
119
31
31
11
173
120
141
4
193
166
42
36
36
60
104
86
58
122
27
58
73
91
157
39
102
118
9
121
34
13
189
193
161
60
19
136
88
24
99
6
181
51
132
62
104
109
6715204
4278190081
184
17
39
9
65
77
54
165
71
56
108
28
160
14
197
154
39
1
163
141
145
154
14
71
23
172
124
66
12
62
65
145
127
177
94
23
142
152
112
154
98
104
85
5
21
6
127
62
101
181
49
82
151
45
15
57
32
185
161
126
6715204
4278190082
37
178
107
161
179
63
22
45
85
163
172
1
102
83
44
23
67
188
64
103
140
72
194
192
50
99
60
56
7
121
100
10
55
181
47
28
97
197
48
134
152
47
145
73
126
126
107
18
167
64
37
8
118
135
3
102
45
129
34
6715204
4278190083
187
27
68
22
184
175
51
131
163
111
105
48
18
179
180
126
67
69
145
179
177
155
128
16
32
179
121
1
20
132
1
32
109
138
130
44
142
47
65
149
129
169
131
113
18
73
53
48
194
78
178
126
158
100
6715204
4278190084
39
144
56
4
129
35
188
190
182
74
3
185
85
193
192
170
58
77
170
63
33
111
187
139
114
19
123
198
28
103
175
148
139
140
71
58
161
162
173
182
102
100
159
129
140
159
178
67
75
18
115
7
6715204
4278190085
57
118
6
7
164
72
25
104
153
43
124
17
10
106
108
127
145
195
103
64
159
54
87
15
5
192
167
139
81
34
31
50
109
142
132
55
190
147
110
122
83
49
71
151
2
23
9
8
171
6715204
4278190086
19
98
94
34
86
79
123
127
9
74
125
100
171
131
32
14
128
5
117
188
115
77
128
91
109
188
77
192
181
39
13
20
3
18
136
14
63
168
4
162
56
23
139
125
175
147
160
56
35
150
161
198
82
74
6715204
4278190087
186
171
85
150
150
20
180
101
165
64
179
77
2
181
18
63
190
190
114
126
89
58
65
134
150
158
157
18
98
11
109
88
177
70
23
28
152
123
20
16
140
14
164
141
16
16
197
74
74
162
189
197
150
75
16
155
6715204
4278190088
181
22
98
2
93
11
23
23
129
149
116
192
74
57
173
44
192
2
193
8
178
105
198
14
110
193
104
125
139
90
125
116
180
9
56
190
178
91
124
55
37
92
70
116
15
194
197
139
107
61
162
6715204
4278190089
182
164
189
145
122
83
186
173
9
5
75
162
197
30
118
76
193
168
167
93
82
54
11
172
162
199
199
111
153
188
169
49
90
25
190
121
45
134
123
71
22
134
104
154
104
170
110
112
175
80
26
5
151
124
6715204
