0.030408981398408638 0.011868889343562384 0.010617857615152994 0.09212231565578818 0.03930538910363108 0.012758333841959636 0.20475935912484605 0.09101452005320582 0.016741666158040364 0.25983252313923955 0.11703839983258929 0.018724999745686848 0.3667248054090979 0.1690442165130465 0.02042077891031901
-0.28125 0.015625 0.15625 -0.2421875 0.1328125
0.02941230623592884 0.015344756929745228 -0.03763333384195964 0.08450963814270321 0.04346867453288562 -0.03734166717529297 0.09158480789861069 0.04699246260920182 -0.03730833435058594 0.14386052474599753 0.07220607813943196 -0.03704166666666667 0.20323576527863302 0.09919903384053648 -0.03679166666666667
0.1328125 0.0234375 0.15625 -0.28125 -0.6015625
0.029166243229006312 0.016202896569162753 0.031033335367838543 0.08382686370699277 0.04515861548813693 0.034536905924479167 0.13627096843249692 0.07308900579443119 0.03790416463216146 0.14317882519050185 0.07676748642193273 0.03834166717529297 0.19476772364724446 0.10434606392395321 0.04165833282470703
-0.09375 0.0390625 0.15625 0.34375 0.390625
0.029611298133587014 0.014650772357809132 -0.0029148149490356447 0.08493406549463131 0.04241816703909136 0.0010749999682108562 0.09165844846828818 0.045939437039380006 0.001558333396911621 0.1372863619198353 0.07026083058324353 0.0048672221501668295 0.14363479990090056 0.07371639759082513 0.005333333333333333
-0.2890625 0.0390625 0.15625 0.015625 -0.0390625
0.029655159635496843 0.01449781709116668 -0.04493333435058594 0.08576447435200509 0.04036282694398476 -0.04343928527832031 0.09184705612107451 0.04324213413182151 -0.043273147583007814 0.1443656432804803 0.06882612857912561 -0.0418249994913737 0.20328284954202586 0.09894613632427648 -0.04015833536783854
-0.3984375 0.03125 0.15625 -0.0390625 -0.6953125
0.029834581948266242 0.013872082714964016 -0.020066666920979817 0.09192646195735837 0.04210643298520243 -0.01572499974568685 0.14506461608586052 0.06414900154903017 -0.012074999491373698 0.20556173089689808 0.08670432555851677 -0.008030951817830404 0.26938590815501845 0.1079320597531173 -0.003875
0.8984375 0.03125 0.15625 -0.2421875 -0.3359375
0.028324512425314616 0.01913839631479949 -0.00886666742960612 0.08113267269040564 0.05182704455746806 -0.006125 0.1327087252010853 0.0830107740580742 -0.003472916603088379 0.1904816425492611 0.11698906809238377 -0.0005416666666666666 0.24428676360933652 0.14785993604237224 0.002175000031789144
0.28125 0.0234375 0.15625 0.5390625 -0.15625
0.030060316189169295 0.013084841949011891 0.04256666564941406 0.08586411499624769 0.04011619079289178 0.044894999186197916 0.09185527933054957 0.04312435206521321 0.045155949910481774 0.14418360517530018 0.0700441257119766 0.047367594401041664 0.20276608020801262 0.10172219112001617 0.0498933359781901
-0.484375 0.03125 0.15625 -0.546875 0.609375
0.07974867045585746 0.055252605118775014 -0.011158332824707032 0.12966251467249076 0.09149528465834744 -0.010822915395100911 0.1848582601312346 0.13357685258235838 -0.010475000381469727 0.2287493475552263 0.16869655665505695 -0.010127777735392253 0.3198783686595597 0.24651456184575124 -0.013678685506184896
-0.578125 0.0234375 0.1328125 0.9921875 -0.109375
0.029794980504829895 0.014010195426753002 0.027300000508626302 0.0855245731147052 0.040956593029604756 0.029991666158040366 0.09178557748277787 0.044121217022975674 0.030294443766276043 0.14395425730738146 0.07157880660935576 0.0329183349609375 0.20217196459840672 0.10491367584378848 0.03593833414713542
-0.6796875 0.03125 0.1484375 -0.1015625 0.390625
0.028983045681356796 0.016841783194706358 -0.02926666768391927 0.0826643018299723 0.048036088614628235 -0.026181248982747395 0.13498923015124692 0.07665899117004696 -0.023279762268066405 0.19391366742514624 0.10686533509804111 -0.020086905161539714 0.20115321868746153 0.11038615409963824 -0.01971759287516276
0.4921875 0.0234375 0.1640625 0.015625 -0.4609375
0.029535113179624962 0.014916476357746594 0.017699999491373696 0.0854950477337015 0.0410296736092403 0.02140833282470703 0.09178852400756235 0.0440791012618342 0.02182737986246745 0.14409167660868227 0.07065921276073737 0.02534166717529297 0.20258667292853294 0.10268593022388778 0.029294695536295573
-0.6015625 0.0390625 0.1484375 0.296875 0.2421875
0.030319687415813576 0.012180295483819369 -0.02273333231608073 0.09212661517664716 0.039243963081848444 -0.021774998982747394 0.14542138611741842 0.06176172265865533 -0.020958333333333332 0.2056428805947891 0.08626846538975909 -0.02004444376627604 0.2616527839247229 0.10825960506946583 -0.019208333333333334
0.2734375 0.0078125 0.15625 -0.4921875 -0.3515625
0.029447123334912832 0.015223330229961226 0.009485713958740235 0.08421438433266626 0.0441994577793065 0.011574999491373698 0.09150873193599908 0.04808058339386738 0.011858333587646484 0.13650401448968597 0.07243992096097598 0.013574999491373698 0.14327745860433344 0.07610755506994689 0.013824999491373698
-0.140625 0.03125 0.15625 0.015625 0.125
0.02948543379459475 0.015089727505087264 -0.0002666666905085246 0.08257203501433574 0.04826445931871536 0.002773333231608073 0.13294177125827433 0.08236168922461899 0.005691666920979817 0.18845434329779864 0.12296915289216441 0.008974999745686848 0.23928109906577125 0.16313625392068196 0.012108333587646484
-0.953125 0.03125 0.1640625 -0.734375 -0.0390625
0.09233809597973754 0.03621932908231989 0.006908333460489909 0.14601115710629617 0.057815401424915334 0.010325000127156576 0.2064812871622922 0.08176455944042488 0.014175000508626303 0.2695422243014932 0.10624251342172106 0.018164393107096354 0.369450791833436 0.14429584371632542 0.02452086130777995
0.2578125 0.0390625 0.1640625 -1.0 0.125
0.029542654253579125 0.01489016904032289 -0.008866666793823242 0.08585673365099676 0.04013445999822006 -0.008258333206176758 0.0918809336394512 0.042757551071091825 -0.008191666920979817 0.1449190036416641 0.06512340677195581 -0.007641666412353516 0.20512898261911175 0.08902892314741764 -0.006991666793823242
0.265625 0.0234375 0.15625 -0.046875 -0.15625
0.029533604213169643 0.014921738009147456 -0.013133333841959636 0.0859120937403787 0.03999743532077432 -0.012941666920979818 0.09189553848041102 0.042548701093701895 -0.012921667734781902 0.14504714740320968 0.06426593047644705 -0.012675000508626301 0.20557975581126847 0.08660746607287177 -0.012441666920979817
0.4140625 0.0234375 0.15625 -0.140625 -0.2265625
0.02830451063334648 0.01920815641656885 0.010800000508626301 0.0806713386122229 0.05296889807790371 0.012341667175292968 0.13164339112530787 0.08597803726572122 0.01384166717529297 0.18846907592172105 0.12292567661830357 0.015508333841959635 0.24118123171951972 0.1573374179783713 0.01705833307902018
-0.078125 0.015625 0.15625 0.4375 0.1484375
0.0297304820544614 0.01423512256791439 -0.036699999491373696 0.09220753937519242 0.038086689164485835 -0.0352749989827474 0.14618590406596366 0.05664611966739147 -0.03405833435058594 0.20763139395878233 0.07558639601533636 -0.03264166768391927 0.21493724202874845 0.07768234478429033 -0.03248333485921224
0.0390625 0.0234375 0.140625 0.9921875 -0.609375
