2852126890
0 0 74
0 1 190
0 2 146
0 3 119
0 4 31
0 5 31
0 7 173
0 8 120
0 9 141
1 1 193
1 2 166
1 3 42
1 4 36
1 5 36
1 6 60
1 7 104
1 8 86
1 9 58
2 0 122
2 1 27
2 2 58
2 3 73
2 4 91
2 5 157
2 6 39
2 7 102
2 8 118
3 0 121
3 1 34
3 3 189
3 4 193
3 5 161
3 6 60
3 8 136
3 9 88
4 0 24
4 1 99
4 3 181
4 4 51
4 5 132
4 6 62
4 7 104
4 8 109
4 9 36
5 0 193
5 1 155
5 2 187
5 3 178
5 4 119
5 5 184
5 7 39
5 9 65
6 0 77
6 1 54
6 2 165
6 3 71
6 4 56
6 5 108
6 6 28
6 7 160
6 9 197
7 0 154
7 1 39
7 3 163
7 4 141
7 5 145
7 6 154
7 8 71
7 9 23
8 0 172
8 1 124
8 2 66
8 4 62
8 5 65
8 6 145
8 7 127
8 8 177
8 9 94
9 0 23
9 1 142
9 2 152
9 3 112
9 4 154
9 5 98
9 6 104
9 7 85
9 9 21
4278190335
2852126890
0 1 127
0 2 62
0 3 101
0 4 181
0 5 49
0 6 82
0 7 151
0 8 45
1 0 57
1 1 32
1 2 185
1 3 161
1 4 126
1 5 174
1 6 160
1 7 37
1 8 178
1 9 107
2 0 161
2 1 179
2 2 63
2 3 22
2 4 45
2 5 85
2 6 163
2 7 172
2 9 102
3 0 83
3 1 44
3 2 23
3 3 67
3 4 188
3 5 64
3 6 103
3 7 140
3 8 72
3 9 194
4 0 192
4 1 50
4 2 99
4 3 60
4 4 56
4 6 121
4 7 100
4 9 55
5 0 181
5 1 47
5 2 28
5 3 97
5 4 197
5 5 48
5 6 134
5 7 152
5 8 47
5 9 145
6 0 73
6 1 126
6 2 126
6 3 107
6 5 167
6 6 64
6 7 37
6 9 118
7 0 135
7 2 102
7 3 45
7 4 129
7 5 34
7 6 138
7 7 77
7 8 187
7 9 27
8 0 68
8 1 22
8 2 184
8 3 175
8 4 51
8 5 131
8 6 163
8 7 111
8 8 105
8 9 48
9 1 179
9 2 180
9 3 126
9 4 67
9 5 69
9 6 145
9 7 179
9 8 177
9 9 155
4278190335
