2852126720
0.20584494295802447
4
11
28
44
45
53
54
64
71
5609762
2852126721
1.3949386065204183
13
15
21
22
32
39
45
62
72
5609762
2852126722
0.6505159298527952
3
12
14
21
27
34
38
44
45
58
5609762
2852126723
9.093204020787821
2
7
9
22
33
37
51
60
71
72
5609762
2852126724
5.978999788110851
13
19
23
39
41
49
58
67
70
72
5609762
2852126725
5.426960831582485
3
6
14
20
21
24
26
29
62
69
5609762
2852126726
7.712703466859457
0
5
10
14
53
54
57
60
61
74
5609762
2852126727
6.3755747135521315
4
5
8
23
24
26
46
54
64
5609762
2852126728
0.2541912674409519
8
32
35
37
39
42
53
57
66
5609762
2852126729
0.7697990982879299
2
8
17
18
23
30
38
47
56
68
5609762
2852126730
8.074401551640625
12
13
21
40
47
60
65
66
69
5609762
2852126731
2.2210781047073027
0
8
17
23
31
32
38
61
64
67
5609762
2852126732
4.972485058923855
8
18
24
25
27
38
52
70
72
5609762
2852126733
4.89452760277563
2
3
10
17
20
21
22
37
45
68
5609762
2852126734
0.902897700544083
17
18
27
40
47
50
54
57
73
5609762
2852126735
1.7436642900499144
1
3
13
16
24
38
44
48
50
62
5609762
2852126736
8.172222002012159
8
10
19
25
29
49
51
65
69
70
5609762
2852126737
8.971102599525771
6
18
25
26
39
41
47
54
67
5609762
2852126738
0.05061583846218687
0
6
7
12
45
48
49
58
66
67
5609762
2852126739
8.49223410494178
12
16
17
24
41
48
51
53
55
5609762
2852126740
7.948113035416484
7
18
19
27
29
42
47
49
66
72
5609762
2852126741
9.539285770025874
1
13
14
21
36
37
43
48
54
70
5609762
2852126742
8.511366715168569
1
22
27
28
32
63
68
69
72
5609762
2852126743
5.183296523637368
7
10
12
23
41
42
46
52
70
74
5609762
2852126744
5.113423988609378
22
26
52
55
60
65
68
5609762
2852126745
0.35942273796742086
7
25
28
37
43
48
52
59
66
5609762
2852126746
7.699935530986108
2
9
21
27
34
39
40
44
61
5609762
2852126747
3.2295647294124596
3
6
16
38
39
40
46
47
54
73
5609762
2852126748
1.5643704267108605
1
5
12
20
30
32
52
59
62
72
5609762
2852126749
2.4773098950115746
18
20
31
41
45
49
53
55
71
5609762
2852126750
4.916158751168323
1
3
7
8
26
35
52
56
64
5609762
2852126751
8.564898411883222
3
12
28
29
32
35
37
46
47
5609762
2852126752
4.582528904915167
1
5
12
29
43
48
49
70
5609762
2852126753
6.830067734163569
1
5
7
14
28
40
67
70
72
5609762
2852126754
7.350710438038858
1
5
8
21
23
47
52
61
63
65
5609762
2852126755
9.307573256035647
13
21
25
27
30
56
58
60
74
5609762
2852126756
3.892016787341631
7
24
32
37
56
61
64
67
5609762
2852126757
3.2866454536991596
0
6
21
23
33
43
47
67
71
5609762
2852126758
3.5091501255207866
4
6
33
37
41
50
56
59
66
5609762
2852126759
0.8134878064189976
5
6
7
8
10
46
52
57
61
5609762
2852126760
7.771469159274368
6
27
28
56
60
71
73
5609762
2852126761
6.492103021160636
0
4
8
31
35
36
41
67
5609762
2852126762
0.43159911950576113
0
16
21
28
43
55
65
72
5609762
2852126763
6.275580800840634
5
34
39
41
47
52
66
72
74
5609762
2852126764
4.636984049399821
3
14
20
21
34
43
46
66
67
71
5609762
2852126765
1.626169393448913
5
23
26
40
43
51
52
61
73
5609762
2852126766
3.7646336687804958
1
3
31
46
54
61
64
68
69
71
5609762
2852126767
2.7340707193070624
11
28
31
35
44
60
62
63
72
74
5609762
2852126768
4.505441353100935
4
18
41
57
60
63
64
70
74
5609762
2852126769
7.723183917356393
8
9
17
26
39
45
46
50
71
5609762
